2024-02-21 03:30:00,34921,10.71,19.54,94.6,18.65,972,1012,0,0,0,0,246.9,0.859,100
2024-02-21 03:40:00,34922,10.65,19.07,92.9,17.89,972,1012,0,0,0,0,216.9,0.864,100
2024-02-21 03:50:00,34923,10.67,18.62,93.6,17.56,972,1012,0,0,0,0,204.3,0.584,100
2024-02-21 04:00:00,34924,11.35,18.43,94.0,17.43,972,1012,0,0,0,0,191.4,0.397,100
2024-02-21 04:10:00,34925,10.69,18.38,93.9,17.38,971,1011,0,0,0,0,109.3,0.221,100
2024-02-21 04:20:00,34926,10.66,18.4,93.3,17.31,971,1011,0,0,0,0,199.6,0.463,100
2024-02-21 04:30:00,34927,10.68,18.4,93.2,17.28,971,1011,0,0,0,0,92.5,0.169,100
2024-02-21 04:40:00,34928,10.66,18.4,93.1,17.28,971,1011,0,0,0,0,50.91,0.063,100
2024-02-21 04:50:00,34929,10.66,18.4,93.4,17.3,971,1011,0,0,0,0,57.08,0.096,100
2024-02-21 05:00:00,34930,10.65,18.5,93.0,17.32,971,1011,0,0,0,0,113.0,0.264,100
2024-02-21 05:10:00,34931,10.62,18.47,92.9,17.3,971,1011,0,0,0,0,143.8,0.175,100
2024-02-21 05:20:00,34932,10.69,18.47,93.1,17.31,971,1011,0,0,0,0,312.4,0.601,100
2024-02-21 05:30:00,34933,10.71,18.56,93.5,17.49,971,1011,0,0,0,0,231.2,0.259,100
2024-02-21 05:40:00,34934,10.62,18.41,95.0,17.6,971,1011,0,0,0,0,107.5,0.198,100
2024-02-21 05:50:00,34935,10.66,18.39,95.5,17.68,971,1011,0,0,0,0,127.4,0.162,100
2024-02-21 06:00:00,34936,10.69,18.44,94.8,17.59,971,1011,0,0,0,0,107.8,0.294,100
2024-02-21 06:10:00,34937,11.08,18.65,93.9,17.65,971,1011,0,0,0,0,73.31,0.153,100
2024-02-21 06:20:00,34938,10.69,18.7,93.6,17.64,971,1011,0,0,0,0,112.6,0.202,100
2024-02-21 06:30:00,34939,10.79,18.7,93.6,17.67,971,1011,0,0,0,0,109.4,0.187,100
